
 Target: 3 1.661413  --- Id: 60.42211 Id1: 0.16580075969305 Id2: -0.193730849915609
 Target: 4 2.236133  --- Id: 90.8828 Id1: 0.101055129608452 Id2: 0.990253062218411
